rec_20250910_204401/rec_20250910_204401_000001.jpg 569 575 641 626
rec_20250910_204401/rec_20250910_204401_000002.jpg 571 585 644 625
rec_20250910_204401/rec_20250910_204401_000004.jpg 569 578 653 628
rec_20250910_204401/rec_20250910_204401_000005.jpg 567 576 653 631
rec_20250910_204401/rec_20250910_204401_000007.jpg 567 570 659 626
rec_20250910_204401/rec_20250910_204401_000008.jpg 575 574 666 624
rec_20250910_204401/rec_20250910_204401_000013.jpg 581 576 682 625
rec_20250910_204401/rec_20250910_204401_000014.jpg 591 572 661 624
rec_20250910_204401/rec_20250910_204401_000016.jpg 579 570 662 621
rec_20250910_204401/rec_20250910_204401_000019.jpg 660 583 699 617
rec_20250910_204401/rec_20250910_204401_000026.jpg 495 579 563 632
rec_20250910_204401/rec_20250910_204401_000028.jpg 498 586 565 630
rec_20250910_204401/rec_20250910_204401_000043.jpg 262 596 335 642
rec_20250910_204401/rec_20250910_204401_000048.jpg 470 596 515 669
rec_20250910_204401/rec_20250910_204401_000049.jpg 463 597 523 696
rec_20250910_204401/rec_20250910_204401_000073.jpg 417 577 494 633
rec_20250910_204401/rec_20250910_204401_000074.jpg 411 575 477 684
rec_20250910_204401/rec_20250910_204401_000075.jpg 408 595 494 672
rec_20250910_204401/rec_20250910_204401_000076.jpg 408 576 482 701
rec_20250910_204401/rec_20250910_204401_000077.jpg 408 579 491 700
rec_20250910_204401/rec_20250910_204401_000078.jpg 434 581 520 635
rec_20250910_204401/rec_20250910_204401_000079.jpg 441 580 519 641
rec_20250910_204401/rec_20250910_204401_000101.jpg 444 578 511 640
rec_20250910_204401/rec_20250910_204401_000104.jpg 442 578 513 648
rec_20250910_204401/rec_20250910_204401_000105.jpg 447 587 519 677
rec_20250910_204401/rec_20250910_204401_000116.jpg 333 572 431 688
rec_20250910_204401/rec_20250910_204401_000118.jpg 341 584 433 677
rec_20250910_204941/rec_20250910_204941_000001.jpg 682 544 802 627
rec_20250910_204941/rec_20250910_204941_000002.jpg 697 545 804 625
rec_20250910_204941/rec_20250910_204941_000004.jpg 700 544 801 629
rec_20250910_204941/rec_20250910_204941_000023.jpg 805 548 908 691
rec_20250910_204941/rec_20250910_204941_000024.jpg 793 549 917 706
rec_20250910_205127/rec_20250910_205127_000004.jpg 768 541 856 614
rec_20250910_205127/rec_20250910_205127_000036.jpg 344 579 505 657
rec_20250910_205127/rec_20250910_205127_000037.jpg 243 589 353 654
rec_20250910_205127/rec_20250910_205127_000040.jpg 258 600 393 659
rec_20250910_205127/rec_20250910_205127_000041.jpg 245 590 353 659
rec_20250910_205127/rec_20250910_205127_000042.jpg 196 603 315 658
rec_20250910_205127/rec_20250910_205127_000043.jpg 197 600 324 658
rec_20250910_210821/rec_20250910_210821_000002.jpg 600 565 691 624
rec_20250910_210821/rec_20250910_210821_000003.jpg 599 557 694 627
rec_20250910_210821/rec_20250910_210821_000004.jpg 606 557 696 630
rec_20250910_210821/rec_20250910_210821_000005.jpg 602 559 695 629
rec_20250910_210821/rec_20250910_210821_000006.jpg 607 565 690 629
rec_20250910_210821/rec_20250910_210821_000007.jpg 612 564 691 627
rec_20250910_210821/rec_20250910_210821_000008.jpg 605 559 691 634
rec_20250910_210821/rec_20250910_210821_000009.jpg 603 562 697 633
rec_20250910_210821/rec_20250910_210821_000010.jpg 601 563 695 630
rec_20250910_210821/rec_20250910_210821_000011.jpg 602 569 700 635
rec_20250910_210821/rec_20250910_210821_000012.jpg 579 561 692 637
rec_20250910_210821/rec_20250910_210821_000013.jpg 591 565 694 630
rec_20250910_210821/rec_20250910_210821_000014.jpg 608 555 732 626
rec_20250910_210821/rec_20250910_210821_000015.jpg 666 552 799 621
rec_20250910_210821/rec_20250910_210821_000016.jpg 747 552 849 613
rec_20250910_210821/rec_20250910_210821_000017.jpg 745 547 851 619
rec_20250910_210821/rec_20250910_210821_000018.jpg 744 552 858 617
rec_20250910_210821/rec_20250910_210821_000019.jpg 750 549 852 616
rec_20250910_210821/rec_20250910_210821_000020.jpg 745 546 848 612
rec_20250910_210821/rec_20250910_210821_000028.jpg 751 553 863 614
rec_20250910_210821/rec_20250910_210821_000029.jpg 764 550 863 615
rec_20250910_210821/rec_20250910_210821_000030.jpg 769 557 857 616
rec_20250910_210821/rec_20250910_210821_000031.jpg 783 555 856 613
rec_20250910_210821/rec_20250910_210821_000032.jpg 773 546 857 612
rec_20250910_210821/rec_20250910_210821_000033.jpg 756 549 853 610
rec_20250910_210821/rec_20250910_210821_000034.jpg 756 548 852 612
rec_20250910_210821/rec_20250910_210821_000035.jpg 773 545 863 612
rec_20250910_210821/rec_20250910_210821_000036.jpg 762 553 858 609
rec_20250910_210821/rec_20250910_210821_000042.jpg 766 551 854 612
rec_20250910_210821/rec_20250910_210821_000043.jpg 772 552 851 611
rec_20250910_210821/rec_20250910_210821_000044.jpg 766 545 858 612
rec_20250910_212002/rec_20250910_212002_000001.jpg 548 545 734 637
rec_20250910_212002/rec_20250910_212002_000002.jpg 592 544 796 630
rec_20250910_212002/rec_20250910_212002_000003.jpg 620 547 834 633
rec_20250910_212002/rec_20250910_212002_000004.jpg 609 543 835 642
rec_20250910_212002/rec_20250910_212002_000005.jpg 668 548 772 617
rec_20250910_212002/rec_20250910_212002_000006.jpg 669 549 769 623
rec_20250910_212002/rec_20250910_212002_000007.jpg 663 533 775 628
rec_20250910_212223/rec_20250910_212223_000002.jpg 431 561 653 655
rec_20250910_212223/rec_20250910_212223_000004.jpg 449 577 649 638
rec_20250910_212223/rec_20250910_212223_000005.jpg 440 554 660 654
rec_20250910_212223/rec_20250910_212223_000007.jpg 686 561 806 620
rec_20250910_212223/rec_20250910_212223_000008.jpg 693 533 834 626
rec_20250910_212223/rec_20250910_212223_000009.jpg 683 552 839 620
rec_20250910_212223/rec_20250910_212223_000014.jpg 702 553 825 623
rec_20250910_212223/rec_20250910_212223_000019.jpg 712 548 835 616
rec_20250910_212223/rec_20250910_212223_000021.jpg 712 547 833 624
rec_20250910_212950/rec_20250910_212950_000001.jpg 380 568 561 644
rec_20250910_212950/rec_20250910_212950_000002.jpg 408 563 582 638
rec_20250910_212950/rec_20250910_212950_000004.jpg 566 557 735 626
rec_20250910_212950/rec_20250910_212950_000005.jpg 516 557 693 633
rec_20250910_212950/rec_20250910_212950_000008.jpg 484 556 690 633
rec_20250910_212950/rec_20250910_212950_000016.jpg 183 604 274 656
rec_20250910_212950/rec_20250910_212950_000019.jpg 182 597 279 653
rec_20250910_212950/rec_20250910_212950_000020.jpg 678 558 768 619
rec_20250910_212950/rec_20250910_212950_000021.jpg 336 580 485 651
rec_20250910_212950/rec_20250910_212950_000023.jpg 424 578 562 635
rec_20250910_212950/rec_20250910_212950_000024.jpg 686 558 767 622
rec_20250910_212950/rec_20250910_212950_000025.jpg 436 570 621 648
rec_20250910_224431/rec_20250910_224431_000001.jpg 630 558 706 624
rec_20250910_224431/rec_20250910_224431_000002.jpg 636 561 708 627
rec_20250910_224431/rec_20250910_224431_000004.jpg 639 561 702 621
rec_20250910_224431/rec_20250910_224431_000007.jpg 635 562 712 626
rec_20250910_224431/rec_20250910_224431_000010.jpg 638 564 709 622
rec_20250911_022712/rec_20250911_022712_000001.jpg 336 566 496 653
rec_20250911_022712/rec_20250911_022712_000002.jpg 357 558 506 649
rec_20250911_022712/rec_20250911_022712_000004.jpg 366 559 551 643
rec_20250911_022712/rec_20250911_022712_000005.jpg 390 567 542 649
rec_20250911_022712/rec_20250911_022712_000007.jpg 421 568 556 649
rec_20250911_022712/rec_20250911_022712_000008.jpg 441 563 561 643
rec_20250911_022712/rec_20250911_022712_000010.jpg 440 573 562 637
rec_20250911_022712/rec_20250911_022712_000011.jpg 459 569 562 641
rec_20250911_022712/rec_20250911_022712_000013.jpg 444 558 556 641
rec_20250911_024029/rec_20250911_024029_000001.jpg 395 569 501 647
rec_20250911_024029/rec_20250911_024029_000004.jpg 388 567 485 647
rec_20250911_024029/rec_20250911_024029_000010.jpg 389 568 490 646
rec_20250911_024029/rec_20250911_024029_000014.jpg 399 569 488 640
rec_20250911_024029/rec_20250911_024029_000021.jpg 397 558 493 651
rec_20250911_024029/rec_20250911_024029_000022.jpg 397 574 490 641
rec_20250911_024029/rec_20250911_024029_000023.jpg 399 562 488 647
rec_20250911_024029/rec_20250911_024029_000024.jpg 394 565 487 647
rec_20250911_024029/rec_20250911_024029_000025.jpg 395 561 485 646
rec_20250911_024246/rec_20250911_024246_000001.jpg 413 558 518 651
rec_20250911_024246/rec_20250911_024246_000002.jpg 406 563 521 644
rec_20250911_024246/rec_20250911_024246_000004.jpg 409 573 519 643
rec_20250911_024246/rec_20250911_024246_000005.jpg 414 558 516 647
rec_20250911_024246/rec_20250911_024246_000006.jpg 411 562 524 644
rec_20250911_024246/rec_20250911_024246_000008.jpg 408 553 514 647
rec_20250911_024246/rec_20250911_024246_000012.jpg 403 559 504 642
rec_20250911_024246/rec_20250911_024246_000014.jpg 410 551 514 646
rec_20250911_024246/rec_20250911_024246_000015.jpg 407 572 487 640
rec_20250911_024246/rec_20250911_024246_000016.jpg 405 569 484 646
rec_20250911_024246/rec_20250911_024246_000017.jpg 404 568 486 642
rec_20250911_024246/rec_20250911_024246_000018.jpg 407 560 499 641
rec_20250911_024246/rec_20250911_024246_000019.jpg 400 558 505 644
rec_20250911_024246/rec_20250911_024246_000020.jpg 412 559 506 644
rec_20250911_024246/rec_20250911_024246_000021.jpg 404 565 487 639
rec_20250911_024246/rec_20250911_024246_000022.jpg 412 550 499 640
rec_20250911_024337/rec_20250911_024337_000001.jpg 401 565 482 640
rec_20250911_024337/rec_20250911_024337_000004.jpg 403 569 485 641
rec_20250911_024337/rec_20250911_024337_000007.jpg 409 567 486 644
rec_20250911_024337/rec_20250911_024337_000010.jpg 399 565 480 641
rec_20250911_024710/rec_20250911_024710_000001.jpg 450 567 540 649
rec_20250911_024710/rec_20250911_024710_000002.jpg 448 577 532 646
rec_20250911_024710/rec_20250911_024710_000003.jpg 445 564 540 650
rec_20250911_024710/rec_20250911_024710_000004.jpg 440 576 523 647
rec_20250911_024710/rec_20250911_024710_000006.jpg 456 564 535 648
rec_20250911_024710/rec_20250911_024710_000011.jpg 444 576 528 649
rec_20250911_024710/rec_20250911_024710_000017.jpg 455 564 531 643
rec_20250911_024710/rec_20250911_024710_000018.jpg 448 564 547 638
rec_20250911_024710/rec_20250911_024710_000019.jpg 458 564 560 639
rec_20250911_024710/rec_20250911_024710_000020.jpg 432 562 581 642
rec_20250911_024710/rec_20250911_024710_000021.jpg 433 570 572 647
rec_20250911_024710/rec_20250911_024710_000022.jpg 418 555 577 646
rec_20250911_024710/rec_20250911_024710_000023.jpg 418 576 567 641
rec_20250911_024710/rec_20250911_024710_000024.jpg 422 572 576 643
rec_20250911_045241/rec_20250911_045241_000001.jpg 380 563 473 647
rec_20250911_045241/rec_20250911_045241_000002.jpg 378 567 456 642
rec_20250911_104421/rec_20250911_104421_000002.jpg 735 511 847 710
rec_20250911_104421/rec_20250911_104421_000004.jpg 721 505 847 712
rec_20250911_104421/rec_20250911_104421_000005.jpg 733 527 854 707
rec_20250911_104421/rec_20250911_104421_000007.jpg 690 532 829 660
rec_20250911_104421/rec_20250911_104421_000008.jpg 705 532 806 620
rec_20250911_104421/rec_20250911_104421_000010.jpg 678 535 825 613
rec_20250911_104421/rec_20250911_104421_000011.jpg 686 511 830 613
rec_20250911_104421/rec_20250911_104421_000013.jpg 558 525 846 638
rec_20250911_104421/rec_20250911_104421_000014.jpg 566 504 813 642
rec_20250911_104421/rec_20250911_104421_000016.jpg 560 540 815 634
rec_20250911_104421/rec_20250911_104421_000017.jpg 519 553 783 636
rec_20250911_104421/rec_20250911_104421_000019.jpg 464 563 715 639
rec_20250911_104421/rec_20250911_104421_000020.jpg 491 550 708 643
rec_20250911_104421/rec_20250911_104421_000022.jpg 476 568 695 652
rec_20250911_104421/rec_20250911_104421_000023.jpg 496 566 663 643
rec_20250911_104421/rec_20250911_104421_000025.jpg 453 587 596 640
rec_20250911_104731/rec_20250911_104731_000001.jpg 337 558 604 703
rec_20250911_104731/rec_20250911_104731_000002.jpg 385 550 606 705
rec_20250911_104731/rec_20250911_104731_000004.jpg 375 538 627 707
rec_20250911_104731/rec_20250911_104731_000005.jpg 377 551 606 713
rec_20250911_104731/rec_20250911_104731_000007.jpg 409 539 581 709
rec_20250911_104731/rec_20250911_104731_000008.jpg 410 537 576 700
rec_20250911_104731/rec_20250911_104731_000010.jpg 392 558 564 699
rec_20250911_104731/rec_20250911_104731_000011.jpg 364 569 563 698
rec_20250911_104731/rec_20250911_104731_000013.jpg 385 533 566 664
rec_20250911_104731/rec_20250911_104731_000014.jpg 330 555 544 668
rec_20250911_104731/rec_20250911_104731_000015.jpg 365 574 524 649
rec_20250911_104731/rec_20250911_104731_000016.jpg 354 549 547 660
rec_20250911_104731/rec_20250911_104731_000017.jpg 369 549 547 660
rec_20250911_104731/rec_20250911_104731_000018.jpg 386 573 544 638
rec_20250911_104731/rec_20250911_104731_000019.jpg 340 545 563 661
rec_20250911_104731/rec_20250911_104731_000020.jpg 312 568 573 649
rec_20250911_104731/rec_20250911_104731_000021.jpg 345 577 570 634
rec_20250911_104731/rec_20250911_104731_000022.jpg 324 549 561 666
rec_20250911_104731/rec_20250911_104731_000023.jpg 310 565 571 646
rec_20250911_104731/rec_20250911_104731_000023.jpg 315 571 566 640
